Климатические нормы по России и СНГ. Осадки. 1981-2010 гг.

20046   32   31   20   15   13   10   18   22   26   21   24   27
20069   13   10   11   11   13   15   17   22   22   24   16   15
20087   11    8    9    9    8   13   22   23   21   13    9    9
20107   61   50   56   44   28   21   25   35   54   56   59   63
20292   14   13   13   12   14   14   26   30   23   22   12   12
20674   38   27   25   20   21   28   33   40   43   36   27   37
20744   30   26   24   20   15   23   36   31   39   35   24   33
20891   14   11   14   14   17   29   41   43   31   29   21   19
21432    7    5    6    8    9   17   26   23   23   16    7    7
21824   32   22   16   10   13   27   45   50   27   16   21   42
21946   10   10    9    7   11   24   28   30   23   20   17   14
21982    7    7    5    7    8   10   21   25   17   13   10    8
22113   30   22   23   24   36   54   70   61   52   51   38   34
22165   41   30   29   22   22   31   37   46   46   52   40   42
22217   39   31   30   26   47   52   76   59   52   52   45   37
22408   33   29   29   27   50   57   78   72   57   50   46   38
22520   26   19   23   26   48   56   59   63   54   52   41   31
22550   38   29   30   30   49   61   73   70   61   66   53   46
22583   38   30   33   36   45   62   55   74   59   60   46   47
22641   42   31   30   29   44   59   70   75   69   67   55   46
22820   36   26   32   30   48   65   83   82   60   59   50   43
22887   37   29   28   31   47   68   74   65   53   52   49   43
22892   49   36   40   31   41   63   64   82   68   76   68   62
23205   29   24   26   29   37   48   55   70   60   52   37   36
23219   28   23   21   23   32   43   59   66   51   58   36   33
23226   36   34   33   27   35   52   55   63   57   57   40   42
23330   23   19   21   26   37   51   65   69   42   46   28   27
23405   35   27   27   29   43   61   67   75   62   61   40   41
23418   42   33   32   33   45   67   72   77   62   63   49   50
23472   36   28   32   33   39   56   64   77   65   75   50   42
23606   32   26   29   29   44   66   72   69   54   55   40   39
23724   30   19   26   35   47   62   76   74   58   41   39   30
23804   41   31   31   33   48   74   74   75   57   59   52   46
23849   25   22   28   34   58   57   76   69   85   55   39   32
23884   39   29   26   32   47   58   64   70   65   62   55   47
23933   32   24   27   29   48   55   61   81   55   46   38   36
24125   12   11   12   14   24   39   51   45   31   28   20   14
24266    6    6    5    5   14   27   34   34   19   11   11    8
24507   16   12   12   17   31   49   57   63   38   31   24   19
24641   11    9    9   12   23   39   50   39   35   25   20   13
24688    6    7    5    6   13   34   45   39   23   14   12    8
24817   15   10   12   20   25   47   53   46   34   39   27   19
24908   21   15   15   28   35   56   55   54   42   42   33   24
24944   17   11    9   10   32   39   58   50   40   21   21   18
24959    9    8    7    8   20   35   39   37   31   18   16   10
24966   11    8    7   12   28   39   50   51   40   25   20   12
25051    8   10    7   10    9   13   26   39   21   16   14   14
25399   21   20   13   17   18   16   32   48   43   39   28   25
25428   11    9    9    7   13   29   45   50   29   19   19   14
25563   45   40   33   23   13   18   34   43   31   26   34   42
25913   14   13   17   33   37   47   64   93   77   80   60   26
26059   52   39   41   33   51   83   77  101   71   76   61   58
26063   44   33   36   31   46   71   79   83   64   68   55   51
26258   47   36   37   33   55   92   76   93   67   62   54   48
26477   39   33   33   32   51   84   78   81   67   56   44   42
26666   51   45   46   36   57   86   82   83   66   62   55   55
26702   68   49   52   36   54   79   77   97   74   82   83   73
26781   48   42   42   38   61   87   90   85   70   66   58   51
26825   34   29   32   33   55   66   75   57   52   36   42   41
26850   45   39   45   42   65   89   89   68   60   52   48   49
26863   39   34   39   41   53   75   81   65   55   54   45   41
26882   37   32   38   32   59   91   77   79   64   58   46   40
26898   46   41   38   43   57   80   87   69   63   56   53   50
26941   39   32   40   33   59   83   94   59   57   43   42   46
26961   36   33   38   40   52   86   84   59   55   51   43   42
27037   35   28   26   31   41   68   74   76   56   50   42   38
27113   46   37   38   31   45   76   72   77   57   60   54   55
27199   49   33   38   34   54   78   77   77   61   64   57   55
27225   49   38   34   34   48   80   75   86   66   59   52   51
27333   42   30   29   33   46   77   72   76   61   64   49   46
27402   41   36   30   33   58   78   83   76   63   64   49   43
27459   47   38   37   36   46   76   73   69   61   64   55   55
27532   40   30   29   33   45   78   63   62   52   61   48   44
27581   29   19   25   33   37   60   65   52   51   52   43   34
27595   41   34   33   30   41   63   67   59   52   53   46   43
27612   52   41   35   37   50   80   85   82   68   71   55   52
27648   46   39   32   36   39   73   70   71   57   62   52   53
27719   42   35   30   40   43   76   79   66   59   58   42   44
27730   38   34   26   38   34   64   80   57   51   64   46   43
27786   31   24   24   30   39   63   60   48   49   41   32   30
27906   43   37   33   44   42   69   76   59   60   55   42   43
27928   42   36   32   40   40   77   77   57   51   57   41   41
27947   37   31   27   26   42   72   54   44   53   46   45   41
27962   38   31   35   33   42   65   59   51   52   47   48   41
28224   44   30   28   36   59   81   70   76   72   61   55   45
28275   23   17   17   24   45   57   67   73   53   40   34   27
28367   25   15   17   23   45   55   89   60   57   38   34   27
28411   30   21   22   26   48   62   59   67   55   51   40   30
28440   27   20   21   28   50   75   90   73   58   39   33   27
28645   17   16   19   27   47   55   87   44   41   30   26   21
28661   19   12   14   18   39   52   54   54   42   31   26   22
28676   22   17   16   22   31   37   66   47   33   30   30   27
28698   23   18   17   21   35   51   66   54   37   30   34   29
28722   48   39   32   33   46   66   55   58   51   58   52   51
28807   48   38   31   36   35   57   58   47   43   50   49   48
28838   19   14   18   27   33   39   60   48   27   24   23   21
28952   19   15   15   25   35   35   54   35   25   29   25   24
29282   16   13   12   20   29   45   52   50   45   31   27   21
29430   35   24   25   33   41   60   75   67   50   56   52   49
29570   18   13   16   32   44   63   76   67   49   43   37   30
29634   25   18   17   27   34   55   66   60   43   45   37   33
29645   28   19   19   26   40   68   72   62   41   45   44   41
29698   10    7    8   19   32   60   89   90   48   21   14   13
29838   24   18   17   28   40   55   68   44   34   37   37   31
29846   24   18   17   26   38   54   69   56   36   42   38   30
30230   19   14   11   14   31   52   67   59   42   32   28   26
30372    3    3    3   14   43   70   76   84   48   15    7    4
30393   15   12   14   28   52   91  108   91   79   51   27   16
30710   13    8   12   18   37   78  114   91   52   21   20   16
30758    3    2    3   12   26   63   90   89   41    9    6    5
30823    5    3    3    6   18   43   65   68   28    7   10    9
31004   27   24   29   36   71   82  108  105   94   68   42   32
31088   13    7   15   24   37   47   78   84   80   67   33   14
31168   25   14   22   45   82   96  150  181  150   88   49   22
31329    8    7   13   36   69   93  146  150   89   51   26   13
31369   42   29   33   32   53   50   60   83   82   89   60   48
31512    7    5   11   31   45   85  134  122   62   25   14   10
31735   14   11   22   44   61   72  133  153   79   50   26   17
31960   14   15   27   48   81  110  164  156  119   59   29   18
32061   38   28   31   29   48   38   54   93   97   97   61   63
32150   50   35   49   59   66   51   82  111  115  101   81   64
32165   61   38   74   85  128  104  145  146  172  121  107   72
32215  134  117  128  112  111  107  144  162  167  248  230  184
32389   68   59   48   32   30   38   49   67   50   66   65   60
32583  118   80   84   90   64   53   62   91  111  174  130  109
33008   34   33   33   37   63   68   76   72   55   37   42   41
33019   36   30   33   34   56   82   86   56   53   45   43   41
33027   45   40   45   44   60   88  113   66   62   51   51   52
33041   34   33   33   38   56   80   90   61   58   56   47   40
33261   39   39   34   41   47   67   75   56   54   44   43   41
33301   25   27   31   37   60   81   98   59   54   42   35   35
33345   36   39   37   46   57   82   71   60   57   41   50   45
33393   40   44   45   52   89   89   96   77   67   52   49   48
33562   29   28   30   45   50   94   86   67   61   31   38   35
33631   53   50   43   49   74   76   80   74   72   56   57   68
33658   26   30   32   47   76   88   98   77   49   37   31   33
33791   30   30   24   28   45   62   59   32   38   37   31   28
33815   36   31   34   40   48   66   64   56   51   37   38   41
33837   34   37   32   27   36   49   47   39   41   35   41   35
33902   29   30   29   32   40   52   44   35   42   32   38   33
33924   24   25   24   25   25   28   30   26   45   35   41   31
33946   39   36   37   34   34   58   47   52   42   42   49   45
33976   36   41   42   37   36   43   31   49   45   38   50   51
33983   33   32   34   32   30   55   36   49   38   29   45   44
33990   76   60   51   33   34   36   31   46   42   53   68   83
34009   47   42   40   46   53   71   78   54   67   58   46   46
34123   41   37   33   38   46   74   62   52   61   50   46   44
34171   41   34   31   31   35   50   49   31   49   37   46   42
34300   36   33   33   34   50   61   61   43   45   45   40   36
34363   32   26   25   29   41   39   36   28   41   26   32   34
34391   33   23   22   26   28   32   26   27   25   32   27   29
34504   45   43   43   38   42   60   54   43   41   37   46   47
34519   37   32   34   38   46   65   51   37   36   37   38   41
34523   36   36   32   33   50   61   63   34   45   35   39   39
34560   38   30   28   28   39   41   35   30   29   29   34   45
34601   42   35   36   36   43   62   46   39   36   35   44   44
34730   57   51   52   44   52   65   50   44   43   39   50   67
34824   51   44   45   39   42   60   53   52   48   40   51   62
34866   15   12   18   24   39   40   26   22   21   24   22   18
34880   16   12   16   23   28   25   24   21   17   18   18   16
34927   66   54   58   51   68   86   56   44   46   56   73   77
34949   29   28   35   45   66   83   58   43   47   49   46   33
35108   28   20   24   21   29   32   43   26   28   40   29   29
35121   29   22   25   28   30   36   41   29   27   34   33   31
35188   16   15   18   21   35   37   50   29   22   27   28   22
35229   25   23   26   31   34   35   29   27   19   27   28   29
35394   24   22   22   26   41   36   47   28   21   28   31   26
35406   15   12   13   20   18   17   14   15   12   18   16   17
35671   19   16   16   17   19   17   18   11    5   16   17   16
35700   14   12   15   16   23   18   10   12    8   16   18   14
35746   12   11   15   12   15   15    8    5    6   12   13   12
35796   13   11   12   10   15   12   14    9    4    9   16   13
36003   20   16   13   18   28   31   55   32   21   25   23   21
36058    8    8   14   34   64   90  105   85   59   28   19   11
36096    9    4    3    5   12   35   49   44   26    8   12   13
36177   15   15   16   16   28   29   50   22   15   21   26   22
36870   34   43   75  107  106   57   47   30   27   60   56   42
37001   55   49   49   40   36   43   33   40   46   42   59   68
37054   18   18   28   54   66   86   69   48   35   38   31   28
37099  184  135  121  120  110  104  128  121  127  167  201  185
37123   18   18   34   60   95  122   99   78   60   37   29   22
37228   31   34   53   87  136  175  113   93   74   58   46   33
37235   26   22   26   32   56   78   55   43   43   39   33   27
37472   33   27   23   17   33   22   21   28   51   43   41   32
37663   12   18   27   37   50   59   40   43   43   36   24   13
37735    8   12   24   31   40   32   17   15   15   24   16    7
37788   20   21   29   51   42   22   16    9    8   32   26   20
38062   19   15   17   16   16   10    6    4    4   10   17   17
38198   22   26   28   23   24    5    6    3    3   10   26   27
38262   12   12   20   18   21    7    4    3    3    7   15   12
38328   73   70   83   69   56   16   12    4   10   41   67   75
38353   26   35   55   67   61   34   21   13   19   45   42   35
38413   12   15   20   20   13    4    3    3    1    4   13   14
38457   53   64   69   61   41   14    4    1    6   24   44   59
38507   12   13   17   16    9    3    2    5    5   11   19   14
38618   18   21   25   23   22   11    5    3    6   17   18   24
38696   41   46   69   60   36    6    4    1    4   17   34   47
38880   20   24   41   32   21    6    3    2    3   10   19   20
38927   24   24   37   23    9    2    0    0    1    3   11   21
38987   52   50   78   38   13    1    0    0    1    4   17   42